0.0
0.0083
0.0166
0.0249
0.0332
0.0415
0.0498
0.0581
0.0664
0.0747
0.083
0.0913
0.0996
0.1079
0.1162
0.1245
0.1328
0.1411
0.1494
0.1577
0.166
0.1743
0.1826
0.1909
0.1992
0.2075
0.2158
0.2241
0.2324
0.2407
0.249
0.2573
0.2656
0.2739
0.2822
0.2905
0.2988
0.3071
0.3154
0.3237
0.332
0.3403
0.3486
0.3569
0.3652
0.3735
0.3818
0.3901
0.3984
0.4067
0.415
0.4233
0.4316
0.4399
0.4482
0.4565
0.4648
0.4731
0.4814
0.4897
0.498
0.5063
0.5146
0.5229
0.5312
0.5395
0.5478
0.5561
0.5644
0.5727
0.581
0.5893
0.5976
0.6059
0.6142
0.6225
0.6308
0.6391
0.6474
0.6557
0.664
0.6723
0.6806
0.6889
0.6972
0.7055
0.7138
0.7221
0.7304
0.7387
0.747
0.7553
0.7636
0.7719
0.7802
0.7885
0.7968
0.8051
0.8134
0.8217
0.83
0.8383
0.8466
0.8549
0.8632
0.8715
0.8798
0.8881
0.8964
0.9047
0.913
0.9213
0.9296
0.9379
0.9462
0.9545
0.9628
0.9711
0.9794
0.9877
0.996
1.0043
1.0126
1.0209
1.0292
1.0375
1.0458
1.0541
1.0624
1.0707
1.079
1.0873
1.0956
1.1039
1.1122
1.1205
1.1288
1.1371
1.1454
1.1537
1.162
1.1703
1.1786
1.1869
1.1952
1.2035
1.2118
1.2201
1.2284
1.2367
1.245
1.2533
1.2616
1.2699
1.2782
1.2865
1.2948
1.3031
1.3114
1.3197
1.328
1.3363
1.3446
1.3529
1.3612
1.3695
1.3778
1.3861
1.3944
1.4027
1.411
1.4193
1.4276
1.4359
1.4442
1.4525
1.4608
1.4691
1.4774
1.4857
1.494
1.5023
1.5106
1.5189
1.5272
1.5355
1.5438
1.5521
1.5604
1.5687
1.577
1.5853
1.5936
1.6019
1.6102
1.6185
1.6268
1.6351
1.6434
1.6517
1.66
1.6683
1.6766
1.6849
1.6932
1.7015
1.7098
1.7181
1.7264
1.7347
1.743
1.7513
1.7596
1.7679
1.7762
1.7845
1.7928
1.8011
1.8094
1.8177
1.826
1.8343
1.8426
1.8509
1.8592
1.8675
1.8758
1.8841
1.8924
1.9007
1.909
1.9173
1.9256
1.9339
1.9422
1.9505
1.9588
1.9671
1.9754
1.9837
1.992
2.0003
2.0086
2.0169
2.0252
2.0335
2.0418
2.0501
2.0584
2.0667
2.075
2.0833
2.0916
2.0999
2.1082
2.1165
2.1248
2.1331
2.1414
2.1497
2.158
2.1663
2.1746
2.1829
2.1912
2.1995
2.2078
2.2161
2.2244
2.2327
2.241
2.2493
2.2576
2.2659
2.2742
2.2825
2.2908
2.2991
2.3074
2.3157
2.324
2.3323
2.3406
2.3489
2.3572
2.3655
2.3738
2.3821
2.3904
2.3987
2.407
2.4153
2.4236
2.4319
2.4402
2.4485
2.4568
2.4651
2.4734
2.4817
2.49
2.4983
2.5066
2.5149
2.5232
2.5315
2.5398
2.5481
2.5564
2.5647
2.573
2.5813
2.5896
2.5979
2.6062
2.6145
2.6228
2.6311
2.6394
2.6477
2.656
2.6643
2.6726
2.6809
2.6892
2.6975
2.7058
2.7141
2.7224
2.7307
2.739
2.7473
2.7556
2.7639
2.7722
2.7805
2.7888
2.7971
2.8054
2.8137
2.822
2.8303
2.8386
2.8469
2.8552
2.8635
2.8718
2.8801
2.8884
2.8967
2.905
2.9133
2.9216
2.9299
2.9382
2.9465
2.9548
2.9631
2.9714
2.9797
2.988
2.9963
3.0046
3.0129
3.0212
3.0295
3.0378
3.0461
3.0544
3.0627
3.071
3.0793
3.0876
3.0959
3.1042
3.1125
3.1208
3.1291
3.1374
3.1457
3.154
3.1623
3.1706
3.1789
3.1872
3.1955
3.2038
3.2121
3.2204
3.2287
3.237
3.2453
3.2536
3.2619
3.2702
3.2785
3.2868
