0.0
0.0107
0.0214
0.0321
0.0428
0.0535
0.0642
0.0749
0.0856
0.0963
0.107
0.1177
0.1284
0.1391
0.1498
0.1605
0.1712
0.1819
0.1926
0.2033
0.214
0.2247
0.2354
0.2461
0.2568
0.2675
0.2782
0.2889
0.2996
0.3103
0.321
0.3317
0.3424
0.3531
0.3638
0.3745
0.3852
0.3959
0.4066
0.4173
0.428
0.4387
0.4494
0.4601
0.4708
0.4815
0.4922
0.5029
0.5136
0.5243
0.535
0.5457
0.5564
0.5671
0.5778
0.5885
0.5992
0.6099
0.6206
0.6313
0.642
0.6527
0.6634
0.6741
0.6848
0.6955
0.7062
0.7169
0.7276
0.7383
0.749
0.7597
0.7704
0.7811
0.7918
0.8025
0.8132
0.8239
0.8346
0.8453
0.856
0.8667
0.8774
0.8881
0.8988
0.9095
0.9202
0.9309
0.9416
0.9523
0.963
0.9737
0.9844
0.9951
1.0058
1.0165
1.0272
1.0379
1.0486
1.0593
1.07
1.0807
1.0914
1.1021
1.1128
1.1235
1.1342
1.1449
1.1556
1.1663
1.177
1.1877
1.1984
1.2091
1.2198
1.2305
1.2412
1.2519
1.2626
1.2733
1.284
1.2947
1.3054
1.3161
1.3268
1.3375
1.3482
1.3589
1.3696
1.3803
1.391
1.4017
1.4124
1.4231
1.4338
1.4445
1.4552
1.4659
1.4766
1.4873
1.498
1.5087
1.5194
1.5301
1.5408
1.5515
1.5622
1.5729
1.5836
1.5943
1.605
1.6157
1.6264
1.6371
1.6478
1.6585
1.6692
1.6799
1.6906
1.7013
1.712
1.7227
1.7334
1.7441
1.7548
1.7655
1.7762
1.7869
1.7976
1.8083
1.819
1.8297
1.8404
1.8511
1.8618
1.8725
1.8832
1.8939
1.9046
1.9153
1.926
1.9367
1.9474
1.9581
1.9688
1.9795
1.9902
2.0009
2.0116
2.0223
2.033
2.0437
2.0544
2.0651
2.0758
2.0865
2.0972
2.1079
2.1186
2.1293
2.14
2.1507
2.1614
2.1721
2.1828
2.1935
2.2042
2.2149
2.2256
2.2363
2.247
2.2577
2.2684
2.2791
2.2898
2.3005
2.3112
2.3219
2.3326
2.3433
2.354
2.3647
2.3754
2.3861
2.3968
2.4075
2.4182
2.4289
2.4396
2.4503
2.461
2.4717
2.4824
2.4931
2.5038
2.5145
2.5252
2.5359
2.5466
2.5573
2.568
2.5787
2.5894
2.6001
2.6108
2.6215
2.6322
2.6429
2.6536
2.6643
2.675
2.6857
2.6964
2.7071
2.7178
2.7285
2.7392
2.7499
2.7606
2.7713
2.782
2.7927
2.8034
2.8141
2.8248
2.8355
2.8462
2.8569
2.8676
2.8783
2.889
2.8997
2.9104
2.9211
2.9318
2.9425
2.9532
2.9639
2.9746
2.9853
2.996
3.0067
3.0174
3.0281
3.0388
3.0495
3.0602
3.0709
3.0816
3.0923
3.103
3.1137
3.1244
3.1351
3.1458
3.1565
3.1672
3.1779
3.1886
3.1993
3.21
3.2207
3.2314
3.2421
3.2528
3.2635
3.2742
3.2849
3.2956
3.3063
3.317
3.3277
3.3384
3.3491
3.3598
3.3705
3.3812
3.3919
3.4026
3.4133
3.424
3.4347
3.4454
3.4561
3.4668
3.4775
3.4882
3.4989
3.5096
3.5203
3.531
3.5417
3.5524
3.5631
3.5738
3.5845
3.5952
3.6059
3.6166
3.6273
3.638
3.6487
3.6594
3.6701
3.6808
3.6915
3.7022
3.7129
3.7236
3.7343
3.745
3.7557
3.7664
3.7771
3.7878
3.7985
3.8092
3.8199
3.8306
3.8413
3.852
3.8627
3.8734
3.8841
3.8948
3.9055
3.9162
3.9269
3.9376
3.9483
3.959
3.9697
3.9804
3.9911
4.0018
4.0125
4.0232
4.0339
4.0446
4.0553
4.066
4.0767
4.0874
4.0981
4.1088
4.1195
4.1302
4.1409
4.1516
4.1623
4.173
4.1837
4.1944
4.2051
4.2158
4.2265
4.2372
4.2479
4.2586
4.2693
4.28
4.2907
4.3014
4.3121
4.3228
4.3335
4.3442
4.3549
4.3656
4.3763
4.387
4.3977
4.4084
4.4191
4.4298
4.4405
4.4512
4.4619
4.4726
4.4833
4.494
4.5047
4.5154
4.5261
4.5368
4.5475
4.5582
4.5689
4.5796
4.5903
4.601
4.6117
4.6224
4.6331
4.6438
4.6545
4.6652
4.6759
4.6866
4.6973
4.708
4.7187
4.7294
4.7401
4.7508
4.7615
4.7722
4.7829
4.7936
4.8043
4.815
4.8257
4.8364
4.8471
4.8578
4.8685
4.8792
4.8899
4.9006
4.9113
4.922
4.9327
4.9434
4.9541
4.9648
4.9755
4.9862
4.9969
5.0076
5.0183
5.029
5.0397
5.0504
5.0611
5.0718
5.0825
5.0932
5.1039
5.1146
5.1253
5.136
5.1467
5.1574
5.1681
5.1788
5.1895
5.2002
5.2109
5.2216
5.2323
5.243
5.2537
5.2644
5.2751
5.2858
5.2965
5.3072
5.3179
5.3286
5.3393
5.35
5.3607
5.3714
5.3821
5.3928
5.4035
5.4142
5.4249
5.4356
5.4463
5.457
5.4677
5.4784
5.4891
5.4998
5.5105
5.5212
5.5319
5.5426
5.5533
5.564
5.5747
5.5854
5.5961
5.6068
5.6175
5.6282
5.6389
5.6496
5.6603
5.671
5.6817
5.6924
5.7031
5.7138
5.7245
5.7352
5.7459
5.7566
5.7673
5.778
5.7887
5.7994
5.8101
5.8208
5.8315
5.8422
5.8529
5.8636
5.8743
5.885
5.8957
5.9064
5.9171
5.9278
5.9385
5.9492
5.9599
5.9706
5.9813
